4.97287653898794879
4.14496312158247004
1.95030711521386557
1.13345569083905451
1.58522601276994068
2.22737482217195693
3.15238509761456509
3.06532000435037766
2.63948030758037833
2.0531715495755698
2.47198605867023513
2.01420042495079343
2.34254222151908342
2.12696149798266454
2.76934669251833965
0.449802808027511603
1.76064816308378669
1.69580122489345841
0.843746787534099596
1.78717500828755904
0.916454799440246104
1.23989799009555357
1.51914477889956956
1.4783462496646409
1.0996781549507646
2.72926126332876695
1.83981548978031295
1.95228258041201097
1.84351093223320239
0.928180410951350066
0.620968319437704142
2.35238529828158294
1.18925456724368184
-0.25413234125925932
-0.736675927732061364
1.55767881237037087
0.630902621437988032
1.26994620715101347
0.777815972166355118
0.8826289868285635
1.1064535395604207
-0.0493565905480364275
1.08482975015115346
2.04634311444329109
1.76603541019575894
-0.627370742145959337
-0.291799149365677302
-0.415198671991100943
0.589336231975353675
1.73441327087243224
1.32611727817297886
-0.762087973331826762
0.976790865736454239
1.71465915565611127
0.505075745926299557
2.8393917532849211
0.370390667789675554
2.21532864748345615
3.4505981574078799
-0.106839563632911361
0.752253662809261092
1.71961770843202366
4.45690999415282363
-0.29936776323231018
2.010712805962382
1.74327390485430977
1.05695926286269271
0.735435311148306736
1.03230378801937572
1.22104852985930368
0.290041346186145743
3.00791842094470407
0.455859613723863077
1.0488169023127305
0.694766114473060692
0.983073545862153786
1.50084640098545785
0.639332842014507907
0.969921139747463301
2.99397592572764726
2.37487899905115363
1.06222990836348075
2.25770004117361722
0.658141607750593827
1.63385880670968953
2.56021958655594517e-05
0.269948625027349065
0.410612415014604326
2.51244217638845591
1.57877907304159493
1.94005138982779624
1.59179017509307652
1.81158447916975462
1.92277593727933471
2.3162609468010591
1.6783106885925736
0.566190770896358275
0.66650464342794935
2.59203698110828284
2.88636207068673301
2.09654822775881078
-0.00288878461708019785
3.20353863921292259
2.09094997087139101
1.67241775673917226
1.77127657883920442
1.37049930914652762
3.49046282798857055
3.49869299636842745
0.830040294887235186
1.63075103926868925
2.12157260891036303
3.17166977453443888
-0.408405136524800039
2.801784424017423
3.53478412244042417
1.60476728892267073
1.9677295098417158
3.20070796737963637
2.37997399813902044
0.702128763763704367
0.812975737775794904
0.921977001756557391
0.406190245154588236
1.66384375931467798
1.19145586499450418
1.73053324980665013
2.37683815141830301
3.41894648930396583
2.03787294123280693
-0.0833106989192937686
2.9954170474733921
1.55251690805900866
2.81711510040072532
1.17979866585960935
1.8747793509979398
1.49369056856235716
1.63678069109112934
2.97674256256291336
1.17044806316841088
1.96602871755148145
2.06102631967026673
1.46751569790029945
-0.393703892067119643
1.96944755857287879
-1.22633293193404969
0.0536140840316705614
0.952003056016514471
1.81260491183369288
2.19611507095213287
2.21263988658975519
1.99803434581467343
1.06157508736495032
2.61488224062534158
1.11202213166714192
2.49997836196976175
-0.836529868534547916
0.302838294183479739
0.62355408475148888
1.24922382691472134
-1.18143778331915295
2.03278216685646118
2.3086449828311002
2.17343850633964175
0.885171376708914659
2.79433102719801418
0.817943906129194764
2.21639174450734444
1.30641048193750708
1.280631175568961
1.15285258247752087
1.21976062160607679
2.45719246928320256
2.89313939536144726
2.99500365661359824
2.56205102804213602
2.50845795597706056
2.31572324547088826
3.62528309103708279
1.49442122928957
1.33267085761817494
1.94185978986331342
0.280051010675968826
1.61567717330886529
1.809707460728883
0.865963150280005367
1.30307130074477406
2.58018431501319512
1.66019003999540526
1.90507824431371442
2.80974307220952246
1.17235355124574436
0.575221292227511283
1.5916989890994413
1.95616529596282906
-0.259692923888278804
2.13231773006794478
1.17022248887096803
1.11507104105450794
0.642486199191598661
1.261398183687096
2.43104636102235183
2.05104694414318001
2.30852336459220098
1.16500463771996943
3.08836217922705591
2.7857187407633659
1.57100371581138787
-0.989240737720045171
1.5726125547675387
4.25006345010103281
1.66364778302339422
0.67412241328213951
3.37864470238738068
1.16902987744615583
2.30653010964599625
2.63030949349106757
0.401596733946252282
1.91999152680437146
2.9679994886519725
1.53608016491183275
2.44099673882446622
1.74783738563982949
2.80855846419124777
3.82162608793140057
0.982823310417230145
1.63210092557455466
2.3124804716756806
1.36765078602291101
1.07223452727771562
1.54767444154104683
1.58645492529962806
1.14936133342210867
2.17156501721367334
2.66374970984790904
2.58733297489754532
2.5739788987448704
3.09377743206587397
0.601740551054043449
1.74161737316653409
1.94324737370096412
2.32801968796511449
0.220934224083737751
3.61318902696515654
0.954134106276423144
2.10290392131693959
2.60390663992390481
3.00431024303273286
1.3237945963765112
1.42602190413167151
2.27714524331861012
2.47789517687343608
2.79783172241150346
1.81500830612116815
1.23764839885053735
0.571605252905749373
3.58415550371794112
0.527152429819673252
2.61704485324905844
2.14609375380686407
2.69001326723322265
2.91149390006379782
3.32296300588389126
1.93052579845650985
2.41675825928634236
0.114748477151184858
2.00681236358820936
1.03003622661102989
1.69583686393067756
3.081571520572572
2.04305231001028975
3.10109959870883678
1.78506059453410049
2.44911341948316785
1.62726245598918018
-0.531031183381735605
1.14023062980885159
1.49911756692406706
1.83214162317008511
1.67260001712691198
1.50667632567964382
2.65121679909647456
2.36078228935329104
1.40422940086629899
2.65969889067780141
-0.219493905187382765
1.37116291704397941
1.42016225307746735
2.85289827703605869
1.03388206704500663
0.0688743140501653084
1.74836394627944558
3.29564448585119862
1.48339761109997426
1.57664806196813023
1.46609860027307626
1.72140825833276945
2.92649867164615163
3.61580591544231567
2.2343078288707563
